[back.jpg]
text=1;183;60;Product Service Systems&#010;Integration Framework &#010;Visualization;Arial;0.052340,0.142763,0.029619,0.000000;v1,4278219388,4278190080,128.000000,1.000000,0.000000,1.000000,700,256,49152;;
backuphash=50227
textactive=1
